<?xml version="1.0"?>
<opencv_storage>
<K type_id="opencv-matrix">
  <rows>3</rows>
  <cols>3</cols>
  <dt>d</dt>
  <data>
    2.7727275500000001e+003 0. 8.5759618999999998e+002 0.
    2.7871850500000000e+003 6.9420448999999996e+002 0. 0. 1.</data></K>
<range type_id="opencv-matrix">
  <rows>2</rows>
  <cols>1</cols>
  <dt>d</dt>
  <data>
    8. 130.</data></range>
<dist type_id="opencv-matrix">
  <rows>4</rows>
  <cols>1</cols>
  <dt>d</dt>
  <data>
    -1.1117000000000000e-001 1.0217000000000000e-001
    1.0180000000000000e-002 1.0540000000000001e-002</data></dist>
</opencv_storage>
